1 1 1 None
2 3 2 3
3 6 4 None
4 10 4 6
5 15 4 None
6 21 4 None
7 28 6 None
8 36 9 None
9 45 6 36
10 55 4 None
11 66 8 None
12 78 8 None
13 91 4 None
14 105 8 None
15 120 16 None
16 136 8 120
17 153 6 None
18 171 6 300
19 190 8 None
20 210 16 528
21 231 8 None
22 253 4 None
23 276 12 None
24 300 18 630
25 325 6 None
26 351 8 None
27 378 16 None
28 406 8 None
29 435 8 None
30 465 8 None
31 496 10 None
32 528 20 None
33 561 8 None
35 630 24 None
36 666 12 2016
37 703 4 None
38 741 8 None
39 780 24 None
40 820 12 3240
41 861 8 None
42 903 8 None
43 946 8 None
44 990 24 None
45 1035 12 None
46 1081 4 None
47 1128 16 None
48 1176 24 5460
49 1225 9 None
50 1275 12 None
51 1326 16 None
52 1378 8 None
53 1431 8 None
54 1485 16 None
55 1540 24 None
56 1596 24 None
57 1653 8 None
58 1711 4 None
59 1770 16 None
60 1830 16 None
61 1891 4 None
62 1953 12 None
63 2016 36 None
64 2080 24 None
65 2145 16 None
66 2211 8 None
67 2278 8 None
68 2346 16 None
69 2415 16 None
70 2485 8 None
71 2556 18 None
72 2628 18 None
73 2701 4 None
74 2775 12 None
75 2850 24 None
76 2926 16 None
77 3003 16 None
78 3081 8 None
79 3160 16 None
80 3240 40 None
81 3321 10 None
82 3403 4 None
83 3486 16 None
84 3570 32 None
85 3655 8 None
86 3741 8 None
87 3828 24 None
88 3916 12 None
89 4005 12 None
90 4095 24 25200
91 4186 16 None
92 4278 16 None
93 4371 8 None
94 4465 8 None
95 4560 40 None
96 4656 20 None
97 4753 6 None
98 4851 18 None
99 4950 36 None
100 5050 12 None
101 5151 8 None
102 5253 8 None
103 5356 12 None
104 5460 48 None
105 5565 16 None
106 5671 4 None
107 5778 16 None
108 5886 16 None
109 5995 8 None
110 6105 16 None
111 6216 32 None
112 6328 16 73920
113 6441 8 None
114 6555 16 None
115 6670 16 None
116 6786 24 None
117 6903 12 None
118 7021 8 None
119 7140 48 None
120 7260 36 None
121 7381 6 None
122 7503 8 None
123 7626 16 None
124 7750 16 None
125 7875 24 None
126 8001 12 None
127 8128 14 None
128 8256 28 157080
129 8385 16 None
130 8515 8 None
131 8646 16 None
132 8778 32 None
133 8911 8 None
134 9045 16 None
135 9180 48 None
136 9316 12 None
137 9453 8 None
138 9591 8 None
139 9730 16 None
140 9870 32 None
141 10011 8 None
142 10153 8 None
143 10296 48 None
144 10440 48 437580
145 10585 8 None
146 10731 12 None
147 10878 24 None
148 11026 8 None
149 11175 12 None

